Σύγκριση vs 20260920_161420_runSimulation_policy_paired

  ~ checksRun : 189210  ->  177497
  ~ convergedAtPass : 210  ->  197
  ~ datasetBytes : 83022533  ->  78388152
  ~ datasetSha256 : 0b961622bc830510cbac1bcd7d3b1e1177d9984b9a3dad06cd083b2e7e23f4f1  ->  4ac5a99b3a024e02cf0bccfc79fa5e4bbefe5b61353d1f493476f70c65b05bc5
  ~ numPasses : 210  ->  197
  ~ numRows : 243807  ->  229327
  ~ semiMajorAxis_m : [233125.71;169602.28;162844.44;165794.21;189701.67;183207.47;179084.88;113994.81;156369.57;164861.86;150144.43;211180.21;211967.77;147113.59;219995.92;174460.61;122601.26;160308.13;204976.04;192519.11;173118.06;192618.25;175678.28;220915.61;196822.68;159376.1;187717.7;189246.29;74676.645;184992.53;179865.95;118648.33;156154.44;216480.05;124861.7;202864.73;151292.77;195459.24;204575.37;208358.2;151523.95;204808.66;125996.31;157330.35;121789.31;184204.97;219188.85;231172.62;142509.48;186000.06;145130.73;133796.17;217475.48;204493.9;195999.41;191606.23;118122.71;173392.32;188701.06;184736.29;201793;141813.12;163485.23;122816.29;145893.01;153358.95;149793.82;109252.15;142611.86;167306.97;157836.83;163002.78;181539.07;174630.3;117366.02;154572.49;151744.16;144002.34;142379.58;187787.6;189757.1;128070.96;122537.48;157533.29;194394.05;163985;184336.13;184475.88;206720.16;157227.12;111805.41;116010.16;169696.3;149593.1;129782.35;211836.26;179106.08;189325.93;147260.96;130909.81;197379.4;193542.83;142605.22;125518.93;184068.58;183385.23;163531.09;158240.38;182896.64;180482.15;151746.83;156375.13;207603.6;189749.62;167379.7;203580.89;160254.7;128338.72;183849.89;135049.8;207489.86;160290.23;139268.4;153726.45;161547.34;183277.67;186820.31;123387.25;216478.1;140439.97;193460.71;187348.61;160521.63;193486.45;148847.42;155516.61;154382.95;132246.31;199073.8;157274.5;164157.13;191873.74;138058.83;190846.3;184631.27;170209.84;128588.49;187389.93;144682.24;188047.5;151698.4;150314.23;190565.29;135840.17;156441.52;206561.31;162414.26;192991.01;206956.45;156357.75;186403.65;159795.85;117139.69;199553.77;119123.67;182923;164178.09;144872.04;169032.17;177989.26;232137.71;135893.82;214209.74;211719.46;213751.18;214485.73;184313.81;199216.86;164020.65;144334.36;130672.31;203206.68;215197.07;102457.67;150590.9;179282.09;188264.14;108478.28;198404.68;228857.81;211203.92;228445.84;145506.41;155301.51;186041.11;138377.57;165306.13;190789.28;204110.94;170477.81;199883.84;171416.15;125147.8;205781.93;197331.32;175158.19;155805.13;105606.28;194690.77;119840.41]  ->  [197044.24;169023.6;157672.18;133043.35;189033.85;179446.36;174816.54;103473.39;154760.32;155100.01;130427.41;211455.59;215786.65;123346.94;217530.36;174775.48;97142.526;129870.31;189315.09;184651.35;153013.55;187885.14;155785.71;214880.08;193406.6;158104.49;185503.7;168708.89;71678.324;185535.33;175546.85;116403.5;124245.83;196121.74;97607.014;193344.52;110626.69;193290.62;197781.37;206077.85;123206.33;200104.5;107133.08;149422.13;96570.004;166102.13;173385.2;229162.68;121354.84;186237.45;122356.9;123439.6;215514.2;205923.67;179703.62;180664.59;102203.9;132507.3;193103.42;182512.07;200269.14;107562.61;139555.48;113151.94;134029.73;153302.87;142533.93;102574.5;120819.44;168465.69;143317.22;157997.41;169182.32;146077.03;105912.98;120774.65;137799.54;120018.45;127624.79;165675.32;191429.13;98657.497;105860;126697.35;187840.27;149520.65;147450.16;170439.59;197015.61;139186.9;89749.834;99529.327;118783.77;125312.27;124170.88;188735.4;145268.29;153534.38;104698.77;107911.63;185740.2;186129.17;112932.48;107432.08;138554.27;192963.09;166664.97;144613.49;190389.77;173713.83;147086.91;154974.7;199108.32;170137.23;134814.45;178604.44;151617.27;112857.81;182810.45;127299.95;174258.35;152167.5;140012.7;148396.5;153232.63;183094.5;191350.16;111506.98;200986.23;129869;173445.5;144740.62;127220.4;189462.24;138563.37;145025.34;147314.9;108662.74;200530.21;119090.37;160020.97;179743.9;117923.18;190074.54;192225.18;141394.58;118450.57;184926.47;138424.42;195572.63;132243.45;116854.72;179320.86;113117.01;140261.33;174816.81;158650.9;183983.92;197330.87;153688.57;193122.45;133585.92;99850.434;184091.25;103840.28;173381.28;134332.75;128809.84;171762.01;142895.13;221769.59;122852.83;210274.97;207410.39;206730.43;212286.7;174052.02;196516.77;117694.64;127408.82;114781.41;179342.45;214663.65;88949.84;125113.38;174156.57;183871.54;100082.6;188048.59;215813.16;219303.38;229482.25;108639.56;142223.4;171786.4;137237.6;123783.42]
  ~ simulatedTime_s : 189000  ->  177300
