Σύγκριση vs 20260926_194733_runSimulation_hysteresis

  ~ checksRun : 182002  ->  204527
  ~ convergedAtPass : 202  ->  227
  ~ datasetBytes : 79531705  ->  88758325
  ~ datasetSha256 : 0aee7e3a46d408b970b5c42fe62e086285bee00e2237d259736419996f2d3092  ->  47c54c271199352040808ffedc83477c5f413127a2c7bbdb6087f8b58f14e3b2
  + l3FilterAlphaAtDt = 0.96875
  + l3FilterAlphaAtX = 0.5
  + l3FilterK = 4
  + measAveraging = true
  + measNAvgSatellite = 11
  + measNAvgTerrestrial = 17
  + measPeriod_ms = 200
  ~ numPasses : 202  ->  227
  ~ numRows : 234576  ->  261726
  ~ policyMetrics : MeanCapacity_Mbps, TotalRate_Mbps, FracServed, FracBelowTarget, FracOutage, BitPerJouleRf  ->  MeanCapacity_Mbps, TotalRate_Mbps, FracServed, FracBelowTarget, FracOutage, BitPerJouleRf, Spectrum_MHz, SpectralEff_bpsHz
  + satellite.Meas.L3Alpha = 0.96875
  + satellite.Meas.NAvg = 11
  ~ semiMajorAxis_m : [189315.39;175656.94;172276.47;125023.54;191094.13;182550.77;182934.61;97606.74;163742.69;166915.28;121328.14;223696.27;222142.04;123458.07;222927.67;178376.99;89724.294;117267.39;183005.09;180057.53;163719.68;196273.9;155661.94;223499.41;212766.46;167484.09;189743.93;160726.11;66940.352;184962.9;176229.38;118651.22;113042.7;194454.11;91319.959;186516.83;104678.41;202380.14;209543.22;216403.91;115139.28;187805.38;102575.76;147331.47;87164.263;175790.98;158737.71;235212.6;109253.59;201040.1;114220.36;128235.44;217962.28;206011.94;203904.11;187081.61;95917.746;119980.29;193509.9;198595.21;204881.16;97884.283;124035.86;108089.91;134131.27;156037.61;142785.39;94252.113;111621.72;179248.6;157704.09;157548.26;160255.09;136656.7;99688.401;110764.25;134691.59;111926.82;117187.84;154433.42;206325.09;92285.567;99979.622;119834.91;204654.39;142859.56;138827.35;170730.33;192422.36;137490.09;84020.824;93199.738;107806.56;116198.16;134446.79;178741.18;143673.52;138996.29;96916.096;101257.51;188012.13;182006.49;103676.12;99533.65;130452.76;203185.07;172100.72;154576.49;205390.1;180164.22;151262.19;161152.79;205116.99;167058.74;128151.41;171292.5;151947.57;108740.65;197661.69;121691.66;170616.16;146450.13;151495.42;140314.4;166938.78;195567.46;196073.43;102035.22;195432.14;117624.82;166090.94;133386.87;117333.73;197772.41;138787.16;142851.61;154139.2;100108.32;206327.39;107996.33;174373.66;173967.51;112568.2;197250.16;198186.11;138227.17;110477.26;195461.3;140949.53;213101.52;126214.09;107086.12;182487.75;106396.55;139794.61;161050.96;167500.11;181071.24;196056.12;155800.96;209734.79;126075.26;93778.328;184597.57;99614.281;166049.81;128308.46;120719.29;178677.87;128928.62;223762.66;123876.85;219963.15;202916.57;211528.83;217343.45;174998.99;195140.77;105886.1;123119.29;117821.12;178205.44;223419.76;81345.404;112200.12;172633.18;188590.42;98744.422;198361.4;214506.58;227345.98;233173.74;100564.64;137279.85;197161.65;137362.43;112275.77;179848.21;208909.24;137676.36;210506.14;118165.35]  ->  [4.7804913;2.4070626;3.0340773;2.9552996;1.9844442;2.3411788;2.0590397;2.4684626;2.6861724;2.6583524;2.682218;2.4497221;2.6241004;2.8481694;1.9193128;2.0997828;3.1233613;2.8660611;2.749256;2.8828192;2.8200663;2.9475147;2.5135348;2.5498562;3.2462744;2.663507;2.2118187;3.0206918;1.780561;2.2674965;2.8791937;1.5922169;2.9145813;3.1435362;2.9610216;2.4077873;3.5775937;3.0716257;3.177616;2.3817195;2.9331936;2.8258157;2.4720848;2.0913272;2.8907869;3.6962102;3.8210807;2.5583331;1.9978096;2.9790472;2.9785027;2.3351379;1.7339247;2.2159009;3.0792336;2.7764043;2.4814187;3.8279923;2.4206218;2.3963151;3.0332967;2.6669517;2.4358007;1.9477544;2.4791527;2.4222993;2.383879;2.0862325;2.7552371;2.5080811;2.7296667;2.2878198;2.8264659;2.5266476;2.2384092;3.4614756;2.6857074;3.0555633;3.2325682;2.6823973;3.2714506;2.43964;2.4167337;3.0517187;3.3981491;3.135988;3.5556905;2.9035909;2.9449768;3.1858999;2.7358004;2.620896;3.6853117;2.897267;2.129494;3.498698;3.2230534;3.5584859;2.8110198;2.7037103;2.9029374;2.2463732;2.9611655;2.4568883;2.8178514;2.6590917;2.6234142;2.8434072;2.1557482;2.912328;1.8634029;2.3370639;3.5748057;3.1262221;3.1821808;2.7377681;2.5294974;2.4393259;2.5291739;1.8868855;3.7093196;2.1519812;1.9687807;2.260075;2.4532409;2.6979983;3.0891192;1.8066912;2.8605144;2.152483;3.2551349;3.5149087;2.9475471;2.009359;2.2967672;2.5364236;2.3602806;2.8952079;2.1117583;3.1165382;2.4124217;2.7052611;2.0862396;2.6602076;2.6552006;2.7052564;2.0267585;2.561953;2.3857127;2.3526246;2.6903211;3.0066183;2.9146103;2.7284468;3.1957284;3.5323485;2.556491;2.9682014;2.2102547;2.0700399;2.8953905;3.1397431;2.9521639;2.8843677;2.3912528;2.7464352;2.6456771;2.3260696;2.3527866;3.1900696;2.8962662;2.1252364;3.4508371;2.05446;2.6148462;3.6157464;2.4260881;2.5945734;3.2566853;2.6322498;2.9678691;2.7759092;3.0152746;2.5017417;2.1618273;3.0183866;2.0947147;2.3427817;3.6437118;3.3411452;2.6187579;2.0936513;3.1955839;1.9462873;2.9671892;1.3531553;2.6820436;2.4605892;2.8376969;3.1095724;2.3604776;3.0132088;2.1235378;2.3123586;2.4527644;3.0462978;2.7552632;2.5062467;3.1739839;2.1033586;2.5736459;2.9918371;2.3515224;2.388286;2.7444359;2.0970242;3.0161949;2.4279778;2.7775617;2.4059062;2.4991145;3.3833568;3.4540712;1.9418177;2.1686332;2.1616517;2.4030538]
  ~ simulatedTime_s : 181800  ->  204300
  + sources.hysteresis = TS 38.331 §5.5.4.4 (Event A3) + §6.3.2 (Hysteresis, TimeToTrigger)
  + sources.measAvg = Clarke 1968, αυτοσυσχέτιση ισχύος J0(2*pi*fD*tau)^2 -> ισοδύναμο πλήθος ανεξάρτητων δειγμάτων ανά βήμα
  + sources.measFilter = TS 38.331 §5.5.3.2 (Layer 3 filtering, F_n = (1-a)F_{n-1} + a M_n· NOTE 1 k=0· NOTE 2 λογαριθμικό)
  + sources.measPeriod = TS 38.133 Πίν. 9.2.5.2-1 (FR1 χωρίς DRX: >= 200 ms)
